2 5.000000000 0.100000000 100.000000000 1 1
1000.000000000 100.000000000 1.000000000 0.000000000 1.000000000 0.500000000 0.500000000
5
1 1.000000000 1.000000000 1.000000000 1.000000000 1.000000000 1.000000000
2 -1 -1 -1 1.200000000 1.200000000 1.200000000
4 -1 -1 -1 1.500000000 1.500000000 1.500000000
8 -1 -1 -1 2.000000000 2.000000000 2.000000000
16 -1 -1 -1 3.000000000 3.000000000 3.000000000
16
0.000000000 1 8
0.000000000 1 8
0.000000000 1 8
0.000000000 1 8
0.000000000 1 8
0.000000000 1 8
0.000000000 1 8
0.000000000 1 8
0.000000000 1 8
0.000000000 1 8
0.000000000 1 8
0.000000000 1 8
0.000000000 1 8
0.000000000 1 8
0.000000000 1 8
0.000000000 1 8
