4 5.000000000 0.100000000 100.000000000 1 1
1000.000000000 1000.000000000 1.000000000 0.000000000 1.000000000 0.800000000 0.200000000
7
1 1.000000000 1.000000000 1.000000000 1.000000000 1.000000000 1.000000000
2 -1 -1 -1 1.400000000 1.400000000 1.400000000
4 -1 -1 -1 2.000000000 2.000000000 2.000000000
8 -1 -1 -1 3.000000000 3.000000000 3.000000000
16 -1 -1 -1 5.000000000 5.000000000 5.000000000
32 -1 -1 -1 8.000000000 8.000000000 8.000000000
64 -1 -1 -1 12.000000000 12.000000000 12.000000000
64
0.000000000 1 16
4.000000000 1 16
8.000000000 1 16
12.000000000 1 16
16.000000000 1 16
20.000000000 1 16
24.000000000 1 16
28.000000000 1 16
32.000000000 1 16
36.000000000 1 16
40.000000000 1 16
44.000000000 1 16
48.000000000 1 16
52.000000000 1 16
56.000000000 1 16
60.000000000 1 16
64.000000000 1 16
68.000000000 1 16
72.000000000 1 16
76.000000000 1 16
80.000000000 1 16
84.000000000 1 16
88.000000000 1 16
92.000000000 1 16
96.000000000 1 16
100.000000000 1 16
104.000000000 1 16
108.000000000 1 16
112.000000000 1 16
116.000000000 1 16
120.000000000 1 16
124.000000000 1 16
128.000000000 1 16
132.000000000 1 16
136.000000000 1 16
140.000000000 1 16
144.000000000 1 16
148.000000000 1 16
152.000000000 1 16
156.000000000 1 16
160.000000000 1 16
164.000000000 1 16
168.000000000 1 16
172.000000000 1 16
176.000000000 1 16
180.000000000 1 16
184.000000000 1 16
188.000000000 1 16
192.000000000 1 16
196.000000000 1 16
200.000000000 1 16
204.000000000 1 16
208.000000000 1 16
212.000000000 1 16
216.000000000 1 16
220.000000000 1 16
224.000000000 1 16
228.000000000 1 16
232.000000000 1 16
236.000000000 1 16
240.000000000 1 16
244.000000000 1 16
248.000000000 1 16
252.000000000 1 16
