4 5.000000000 0.100000000 100.000000000 1 1
1000.000000000 1000.000000000 2.000000000 0.000000000 1.000000000 1.000000000 0.000000000
7
1 1.000000000 1.000000000 1.000000000 1.000000000 1.000000000 1.000000000
2 -1 -1 -1 1.400000000 1.400000000 1.400000000
4 -1 -1 -1 2.000000000 2.000000000 2.000000000
8 -1 -1 -1 3.000000000 3.000000000 3.000000000
16 -1 -1 -1 5.000000000 5.000000000 5.000000000
32 -1 -1 -1 8.000000000 8.000000000 8.000000000
64 -1 -1 -1 12.000000000 12.000000000 12.000000000
64
0.000000000 1 32
0.000000000 1 32
0.000000000 1 32
0.000000000 1 32
0.000000000 1 32
0.000000000 1 32
0.000000000 1 32
0.000000000 1 32
0.000000000 1 32
0.000000000 1 32
0.000000000 1 32
0.000000000 1 32
0.000000000 1 32
0.000000000 1 32
0.000000000 1 32
0.000000000 1 32
0.000000000 1 32
0.000000000 1 32
0.000000000 1 32
0.000000000 1 32
0.000000000 1 32
0.000000000 1 32
0.000000000 1 32
0.000000000 1 32
0.000000000 1 32
0.000000000 1 32
0.000000000 1 32
0.000000000 1 32
0.000000000 1 32
0.000000000 1 32
0.000000000 1 32
0.000000000 1 32
0.000000000 1 32
0.000000000 1 32
0.000000000 1 32
0.000000000 1 32
0.000000000 1 32
0.000000000 1 32
0.000000000 1 32
0.000000000 1 32
0.000000000 1 32
0.000000000 1 32
0.000000000 1 32
0.000000000 1 32
0.000000000 1 32
0.000000000 1 32
0.000000000 1 32
0.000000000 1 32
0.000000000 1 32
0.000000000 1 32
0.000000000 1 32
0.000000000 1 32
0.000000000 1 32
0.000000000 1 32
0.000000000 1 32
0.000000000 1 32
0.000000000 1 32
0.000000000 1 32
0.000000000 1 32
0.000000000 1 32
0.000000000 1 32
0.000000000 1 32
0.000000000 1 32
0.000000000 1 32
