4 5.000000000 0.100000000 100.000000000 1 1
1000.000000000 1000.000000000 1.000000000 0.000000000 1.000000000 0.800000000 0.200000000
7
1 1.000000000 1.000000000 1.000000000 1.000000000 1.000000000 1.000000000
2 -1 -1 -1 1.400000000 1.400000000 1.400000000
4 -1 -1 -1 2.000000000 2.000000000 2.000000000
8 -1 -1 -1 3.000000000 3.000000000 3.000000000
16 -1 -1 -1 5.000000000 5.000000000 5.000000000
32 -1 -1 -1 8.000000000 8.000000000 8.000000000
64 -1 -1 -1 12.000000000 12.000000000 12.000000000
96
0.000000000 1 1
0.000000000 16 2
0.000000000 128 3
0.000000000 1024 4
0.000000000 1 5
0.000000000 16 6
0.000000000 128 7
0.000000000 1024 8
1.000000000 1 9
1.000000000 16 10
1.000000000 128 11
1.000000000 1024 12
1.000000000 1 13
1.000000000 16 14
1.000000000 128 15
1.000000000 1024 16
2.000000000 1 1
2.000000000 16 2
2.000000000 128 3
2.000000000 1024 4
2.000000000 1 5
2.000000000 16 6
2.000000000 128 7
2.000000000 1024 8
3.000000000 1 9
3.000000000 16 10
3.000000000 128 11
3.000000000 1024 12
3.000000000 1 13
3.000000000 16 14
3.000000000 128 15
3.000000000 1024 16
4.000000000 1 1
4.000000000 16 2
4.000000000 128 3
4.000000000 1024 4
4.000000000 1 5
4.000000000 16 6
4.000000000 128 7
4.000000000 1024 8
5.000000000 1 9
5.000000000 16 10
5.000000000 128 11
5.000000000 1024 12
5.000000000 1 13
5.000000000 16 14
5.000000000 128 15
5.000000000 1024 16
6.000000000 1 1
6.000000000 16 2
6.000000000 128 3
6.000000000 1024 4
6.000000000 1 5
6.000000000 16 6
6.000000000 128 7
6.000000000 1024 8
7.000000000 1 9
7.000000000 16 10
7.000000000 128 11
7.000000000 1024 12
7.000000000 1 13
7.000000000 16 14
7.000000000 128 15
7.000000000 1024 16
8.000000000 1 1
8.000000000 16 2
8.000000000 128 3
8.000000000 1024 4
8.000000000 1 5
8.000000000 16 6
8.000000000 128 7
8.000000000 1024 8
9.000000000 1 9
9.000000000 16 10
9.000000000 128 11
9.000000000 1024 12
9.000000000 1 13
9.000000000 16 14
9.000000000 128 15
9.000000000 1024 16
10.000000000 1 1
10.000000000 16 2
10.000000000 128 3
10.000000000 1024 4
10.000000000 1 5
10.000000000 16 6
10.000000000 128 7
10.000000000 1024 8
11.000000000 1 9
11.000000000 16 10
11.000000000 128 11
11.000000000 1024 12
11.000000000 1 13
11.000000000 16 14
11.000000000 128 15
11.000000000 1024 16
